CicyNum: 7862
NumPs: 4
NumPols: 1
Conf: 
2
2
2
2
c2TX: 24  24  24  24
SymmOrd: 2
2  4
IntersecNumbers: 
0  0  0  0
0  0  2  2
0  2  0  2
0  2  2  0

0  0  2  2
0  0  0  0
2  0  0  2
2  0  2  0

0  2  0  2
2  0  0  2
0  0  0  0
2  2  0  0

0  2  2  0
2  0  2  0
2  2  0  0
0  0  0  0
KahlerCone: 4
1  0  0  0
0  1  0  0
0  0  1  0
0  0  0  1
SKahlerCone: 4
1  0  0  0
0  1  0  0
0  0  1  0
0  0  0  1
CYSymmetry: 24
1  0  0  0
0  1  0  0
0  0  1  0
0  0  0  1

1  0  0  0
0  1  0  0
0  0  0  1
0  0  1  0

1  0  0  0
0  0  1  0
0  1  0  0
0  0  0  1

1  0  0  0
0  0  0  1
0  1  0  0
0  0  1  0

1  0  0  0
0  0  1  0
0  0  0  1
0  1  0  0

1  0  0  0
0  0  0  1
0  0  1  0
0  1  0  0

0  1  0  0
1  0  0  0
0  0  1  0
0  0  0  1

0  1  0  0
1  0  0  0
0  0  0  1
0  0  1  0

0  0  1  0
1  0  0  0
0  1  0  0
0  0  0  1

0  0  0  1
1  0  0  0
0  1  0  0
0  0  1  0

0  0  1  0
1  0  0  0
0  0  0  1
0  1  0  0

0  0  0  1
1  0  0  0
0  0  1  0
0  1  0  0

0  1  0  0
0  0  1  0
1  0  0  0
0  0  0  1

0  1  0  0
0  0  0  1
1  0  0  0
0  0  1  0

0  0  1  0
0  1  0  0
1  0  0  0
0  0  0  1

0  0  0  1
0  1  0  0
1  0  0  0
0  0  1  0

0  0  1  0
0  0  0  1
1  0  0  0
0  1  0  0

0  0  0  1
0  0  1  0
1  0  0  0
0  1  0  0

0  1  0  0
0  0  1  0
0  0  0  1
1  0  0  0

0  1  0  0
0  0  0  1
0  0  1  0
1  0  0  0

0  0  1  0
0  1  0  0
0  0  0  1
1  0  0  0

0  0  0  1
0  1  0  0
0  0  1  0
1  0  0  0

0  0  1  0
0  0  0  1
0  1  0  0
1  0  0  0

0  0  0  1
0  0  1  0
0  1  0  0
1  0  0  0

NonDiagSyms: 0

