CicyNum: 4071
NumPs: 7
NumPols: 8
Conf: 
1  1  0  0  0  0  0  0
0  1  1  0  0  0  1  0
0  0  1  0  0  1  0  0
0  0  0  0  2  0  0  0
0  0  0  1  1  0  0  0
1  0  0  0  0  1  0  1
0  0  0  1  1  0  1  1
c2TX: 24  36  24  24  24  36  40
SymmOrd: 2
2  4
IntersecNumbers: 
0  0  0  0  0  0  0
0  0  0  2  2  0  2
0  0  0  2  2  0  2
0  2  2  0  2  2  4
0  2  2  2  0  2  4
0  0  0  2  2  0  2
0  2  2  4  4  2  4

0  0  0  2  2  0  2
0  0  0  2  2  0  2
0  0  0  2  2  0  2
2  2  2  0  3  4  6
2  2  2  3  0  4  6
0  0  0  4  4  0  4
2  2  2  6  6  4  6

0  0  0  2  2  0  2
0  0  0  2  2  0  2
0  0  0  0  0  0  0
2  2  0  0  2  2  4
2  2  0  2  0  2  4
0  0  0  2  2  0  2
2  2  0  4  4  2  4

0  2  2  0  2  2  4
2  2  2  0  3  4  6
2  2  0  0  2  2  4
0  0  0  0  0  0  0
2  3  2  0  0  3  2
2  4  2  0  3  2  6
4  6  4  0  2  6  4

0  2  2  2  0  2  4
2  2  2  3  0  4  6
2  2  0  2  0  2  4
2  3  2  0  0  3  2
0  0  0  0  0  0  0
2  4  2  3  0  2  6
4  6  4  2  0  6  4

0  0  0  2  2  0  2
0  0  0  4  4  0  4
0  0  0  2  2  0  2
2  4  2  0  3  2  6
2  4  2  3  0  2  6
0  0  0  2  2  0  2
2  4  2  6  6  2  6

0  2  2  4  4  2  4
2  2  2  6  6  4  6
2  2  0  4  4  2  4
4  6  4  0  2  6  4
4  6  4  2  0  6  4
2  4  2  6  6  2  6
4  6  4  4  4  6  4
KahlerCone: 7
1  0  0  0  0  0  0
0  1  0  0  0  0  0
0  0  1  0  0  0  0
0  0  0  1  0  0  0
0  0  0  0  1  0  0
0  0  0  0  0  1  0
0  0  0  0  0  0  1
SKahlerCone: 7
1  0  0  0  0  0  0
0  1  0  0  0  0  0
0  0  1  0  0  0  0
0  0  0  1  0  0  0
0  0  0  0  1  0  0
0  0  0  0  0  1  0
0  0  0  0  0  0  1
CYSymmetry: 4
1  0  0  0  0  0  0
0  1  0  0  0  0  0
0  0  1  0  0  0  0
0  0  0  1  0  0  0
0  0  0  0  1  0  0
0  0  0  0  0  1  0
0  0  0  0  0  0  1

1  0  0  0  0  0  0
0  0  0  0  0  1  0
0  0  1  0  0  0  0
0  0  0  1  0  0  0
0  0  0  0  1  0  0
0  1  0  0  0  0  0
0  0  0  0  0  0  1

0  0  1  0  0  0  0
0  1  0  0  0  0  0
1  0  0  0  0  0  0
0  0  0  1  0  0  0
0  0  0  0  1  0  0
0  0  0  0  0  1  0
0  0  0  0  0  0  1

0  0  1  0  0  0  0
0  0  0  0  0  1  0
1  0  0  0  0  0  0
0  0  0  1  0  0  0
0  0  0  0  1  0  0
0  1  0  0  0  0  0
0  0  0  0  0  0  1

NonDiagSyms: 1
1  0  0  0  0  0  0
0  0  0  0  0  1  0
0  0  1  0  0  0  0
0  0  0  1  0  0  0
0  0  0  0  1  0  0
0  1  0  0  0  0  0
0  0  0  0  0  0  1
