CicyNum: 7487
NumPs: 5
NumPols: 2
Conf: 
0  2
1  1
1  1
1  1
1  1
c2TX: 24  24  24  24  24
SymmOrd: 2
2  4
IntersecNumbers: 
0  0  0  0  0
0  0  2  2  2
0  2  0  2  2
0  2  2  0  2
0  2  2  2  0

0  0  2  2  2
0  0  0  0  0
2  0  0  2  2
2  0  2  0  2
2  0  2  2  0

0  2  0  2  2
2  0  0  2  2
0  0  0  0  0
2  2  0  0  2
2  2  0  2  0

0  2  2  0  2
2  0  2  0  2
2  2  0  0  2
0  0  0  0  0
2  2  2  0  0

0  2  2  2  0
2  0  2  2  0
2  2  0  2  0
2  2  2  0  0
0  0  0  0  0
KahlerCone: 5
1  0  0  0  0
0  1  0  0  0
0  0  1  0  0
0  0  0  1  0
0  0  0  0  1
SKahlerCone: 5
1  0  0  0  0
0  1  0  0  0
0  0  1  0  0
0  0  0  1  0
0  0  0  0  1
CYSymmetry: 24
1  0  0  0  0
0  1  0  0  0
0  0  1  0  0
0  0  0  1  0
0  0  0  0  1

1  0  0  0  0
0  1  0  0  0
0  0  1  0  0
0  0  0  0  1
0  0  0  1  0

1  0  0  0  0
0  1  0  0  0
0  0  0  1  0
0  0  1  0  0
0  0  0  0  1

1  0  0  0  0
0  1  0  0  0
0  0  0  0  1
0  0  1  0  0
0  0  0  1  0

1  0  0  0  0
0  1  0  0  0
0  0  0  1  0
0  0  0  0  1
0  0  1  0  0

1  0  0  0  0
0  1  0  0  0
0  0  0  0  1
0  0  0  1  0
0  0  1  0  0

1  0  0  0  0
0  0  1  0  0
0  1  0  0  0
0  0  0  1  0
0  0  0  0  1

1  0  0  0  0
0  0  1  0  0
0  1  0  0  0
0  0  0  0  1
0  0  0  1  0

1  0  0  0  0
0  0  0  1  0
0  1  0  0  0
0  0  1  0  0
0  0  0  0  1

1  0  0  0  0
0  0  0  0  1
0  1  0  0  0
0  0  1  0  0
0  0  0  1  0

1  0  0  0  0
0  0  0  1  0
0  1  0  0  0
0  0  0  0  1
0  0  1  0  0

1  0  0  0  0
0  0  0  0  1
0  1  0  0  0
0  0  0  1  0
0  0  1  0  0

1  0  0  0  0
0  0  1  0  0
0  0  0  1  0
0  1  0  0  0
0  0  0  0  1

1  0  0  0  0
0  0  1  0  0
0  0  0  0  1
0  1  0  0  0
0  0  0  1  0

1  0  0  0  0
0  0  0  1  0
0  0  1  0  0
0  1  0  0  0
0  0  0  0  1

1  0  0  0  0
0  0  0  0  1
0  0  1  0  0
0  1  0  0  0
0  0  0  1  0

1  0  0  0  0
0  0  0  1  0
0  0  0  0  1
0  1  0  0  0
0  0  1  0  0

1  0  0  0  0
0  0  0  0  1
0  0  0  1  0
0  1  0  0  0
0  0  1  0  0

1  0  0  0  0
0  0  1  0  0
0  0  0  1  0
0  0  0  0  1
0  1  0  0  0

1  0  0  0  0
0  0  1  0  0
0  0  0  0  1
0  0  0  1  0
0  1  0  0  0

1  0  0  0  0
0  0  0  1  0
0  0  1  0  0
0  0  0  0  1
0  1  0  0  0

1  0  0  0  0
0  0  0  0  1
0  0  1  0  0
0  0  0  1  0
0  1  0  0  0

1  0  0  0  0
0  0  0  1  0
0  0  0  0  1
0  0  1  0  0
0  1  0  0  0

1  0  0  0  0
0  0  0  0  1
0  0  0  1  0
0  0  1  0  0
0  1  0  0  0

NonDiagSyms: 0

