CicyNum: 2544
NumPs: 7
NumPols: 6
Conf: 
1  1  0  0  0  0
0  0  1  0  1  0
0  0  1  0  1  0
0  0  0  1  0  1
0  0  0  1  0  1
1  0  1  0  0  1
0  1  0  1  1  0
c2TX: 24  24  24  24  24  36  36
SymmOrd: 2
2  4
IntersecNumbers: 
0  0  0  0  0  0  0
0  0  2  2  2  2  2
0  2  0  2  2  2  2
0  2  2  0  2  2  2
0  2  2  2  0  2  2
0  2  2  2  2  0  4
0  2  2  2  2  4  0

0  0  2  2  2  2  2
0  0  0  0  0  0  0
2  0  0  2  2  2  2
2  0  2  0  2  3  3
2  0  2  2  0  3  3
2  0  2  3  3  2  4
2  0  2  3  3  4  2

0  2  0  2  2  2  2
2  0  0  2  2  2  2
0  0  0  0  0  0  0
2  2  0  0  2  3  3
2  2  0  2  0  3  3
2  2  0  3  3  2  4
2  2  0  3  3  4  2

0  2  2  0  2  2  2
2  0  2  0  2  3  3
2  2  0  0  2  3  3
0  0  0  0  0  0  0
2  2  2  0  0  2  2
2  3  3  0  2  2  4
2  3  3  0  2  4  2

0  2  2  2  0  2  2
2  0  2  2  0  3  3
2  2  0  2  0  3  3
2  2  2  0  0  2  2
0  0  0  0  0  0  0
2  3  3  2  0  2  4
2  3  3  2  0  4  2

0  2  2  2  2  0  4
2  0  2  3  3  2  4
2  2  0  3  3  2  4
2  3  3  0  2  2  4
2  3  3  2  0  2  4
0  2  2  2  2  0  4
4  4  4  4  4  4  4

0  2  2  2  2  4  0
2  0  2  3  3  4  2
2  2  0  3  3  4  2
2  3  3  0  2  4  2
2  3  3  2  0  4  2
4  4  4  4  4  4  4
0  2  2  2  2  4  0
KahlerCone: 7
1  0  0  0  0  0  0 
0  1  0  0  0  0  0
0  0  1  0  0  0  0
0  0  0  1  0  0  0
0  0  0  0  1  0  0
0  0  0  0  0  1  0
0  0  0  0  0  0  1
SKahlerCone: 7
1  0  0  0  0  0  0 
0  1  0  0  0  0  0
0  0  1  0  0  0  0
0  0  0  1  0  0  0
0  0  0  0  1  0  0
0  0  0  0  0  1  0
0  0  0  0  0  0  1
CYSymmetry: 16
1  0  0  0  0  0  0
0  1  0  0  0  0  0
0  0  1  0  0  0  0
0  0  0  1  0  0  0
0  0  0  0  1  0  0
0  0  0  0  0  1  0
0  0  0  0  0  0  1

1  0  0  0  0  0  0
0  1  0  0  0  0  0
0  0  1  0  0  0  0
0  0  0  1  0  0  0
0  0  0  0  1  0  0
0  0  0  0  0  0  1
0  0  0  0  0  1  0

1  0  0  0  0  0  0
0  1  0  0  0  0  0
0  0  1  0  0  0  0
0  0  0  0  1  0  0
0  0  0  1  0  0  0
0  0  0  0  0  1  0
0  0  0  0  0  0  1

1  0  0  0  0  0  0
0  1  0  0  0  0  0
0  0  1  0  0  0  0
0  0  0  0  1  0  0
0  0  0  1  0  0  0
0  0  0  0  0  0  1
0  0  0  0  0  1  0

1  0  0  0  0  0  0
0  0  1  0  0  0  0
0  1  0  0  0  0  0
0  0  0  1  0  0  0
0  0  0  0  1  0  0
0  0  0  0  0  1  0
0  0  0  0  0  0  1

1  0  0  0  0  0  0
0  0  1  0  0  0  0
0  1  0  0  0  0  0
0  0  0  1  0  0  0
0  0  0  0  1  0  0
0  0  0  0  0  0  1
0  0  0  0  0  1  0

1  0  0  0  0  0  0
0  0  1  0  0  0  0
0  1  0  0  0  0  0
0  0  0  0  1  0  0
0  0  0  1  0  0  0
0  0  0  0  0  1  0
0  0  0  0  0  0  1

1  0  0  0  0  0  0
0  0  1  0  0  0  0
0  1  0  0  0  0  0
0  0  0  0  1  0  0
0  0  0  1  0  0  0
0  0  0  0  0  0  1
0  0  0  0  0  1  0

1  0  0  0  0  0  0
0  0  0  1  0  0  0
0  0  0  0  1  0  0
0  1  0  0  0  0  0
0  0  1  0  0  0  0
0  0  0  0  0  1  0
0  0  0  0  0  0  1

1  0  0  0  0  0  0
0  0  0  1  0  0  0
0  0  0  0  1  0  0
0  1  0  0  0  0  0
0  0  1  0  0  0  0
0  0  0  0  0  0  1
0  0  0  0  0  1  0

1  0  0  0  0  0  0
0  0  0  1  0  0  0
0  0  0  0  1  0  0
0  0  1  0  0  0  0
0  1  0  0  0  0  0
0  0  0  0  0  1  0
0  0  0  0  0  0  1

1  0  0  0  0  0  0
0  0  0  1  0  0  0
0  0  0  0  1  0  0
0  0  1  0  0  0  0
0  1  0  0  0  0  0
0  0  0  0  0  0  1
0  0  0  0  0  1  0

1  0  0  0  0  0  0
0  0  0  0  1  0  0
0  0  0  1  0  0  0
0  1  0  0  0  0  0
0  0  1  0  0  0  0
0  0  0  0  0  1  0
0  0  0  0  0  0  1

1  0  0  0  0  0  0
0  0  0  0  1  0  0
0  0  0  1  0  0  0
0  1  0  0  0  0  0
0  0  1  0  0  0  0
0  0  0  0  0  0  1
0  0  0  0  0  1  0

1  0  0  0  0  0  0
0  0  0  0  1  0  0
0  0  0  1  0  0  0
0  0  1  0  0  0  0
0  1  0  0  0  0  0
0  0  0  0  0  1  0
0  0  0  0  0  0  1

1  0  0  0  0  0  0
0  0  0  0  1  0  0
0  0  0  1  0  0  0
0  0  1  0  0  0  0
0  1  0  0  0  0  0
0  0  0  0  0  0  1
0  0  0  0  0  1  0

NonDiagSyms: 0

