CicyNum: 5302
NumPs: 6
NumPols: 3
Conf: 
0  1  1
0  1  1
1  1  0
1  1  0
1  0  1
1  0  1
c2TX: 24  24  24  24  24  24
SymmOrd: 2
2  4
IntersecNumbers: 
0  0  0  0  0  0
0  0  2  2  2  2
0  2  0  2  2  2
0  2  2  0  2  2
0  2  2  2  0  2
0  2  2  2  2  0

0  0  2  2  2  2
0  0  0  0  0  0
2  0  0  2  2  2
2  0  2  0  2  2
2  0  2  2  0  2
2  0  2  2  2  0

0  2  0  2  2  2
2  0  0  2  2  2
0  0  0  0  0  0
2  2  0  0  2  2
2  2  0  2  0  2
2  2  0  2  2  0

0  2  2  0  2  2
2  0  2  0  2  2
2  2  0  0  2  2
0  0  0  0  0  0
2  2  2  0  0  2
2  2  2  0  2  0

0  2  2  2  0  2
2  0  2  2  0  2
2  2  0  2  0  2
2  2  2  0  0  2
0  0  0  0  0  0
2  2  2  2  0  0

0  2  2  2  2  0
2  0  2  2  2  0
2  2  0  2  2  0
2  2  2  0  2  0
2  2  2  2  0  0
0  0  0  0  0  0
KahlerCone: 6
1  0  0  0  0  0
0  1  0  0  0  0
0  0  1  0  0  0
0  0  0  1  0  0
0  0  0  0  1  0
0  0  0  0  0  1
SKahlerCone: 6
1  0  0  0  0  0
0  1  0  0  0  0
0  0  1  0  0  0
0  0  0  1  0  0
0  0  0  0  1  0
0  0  0  0  0  1
CYSymmetry: 48
1  0  0  0  0  0
0  1  0  0  0  0
0  0  1  0  0  0
0  0  0  1  0  0
0  0  0  0  1  0
0  0  0  0  0  1

1  0  0  0  0  0
0  1  0  0  0  0
0  0  1  0  0  0
0  0  0  1  0  0
0  0  0  0  0  1
0  0  0  0  1  0

1  0  0  0  0  0
0  1  0  0  0  0
0  0  0  1  0  0
0  0  1  0  0  0
0  0  0  0  1  0
0  0  0  0  0  1

1  0  0  0  0  0
0  1  0  0  0  0
0  0  0  1  0  0
0  0  1  0  0  0
0  0  0  0  0  1
0  0  0  0  1  0

1  0  0  0  0  0
0  1  0  0  0  0
0  0  0  0  1  0
0  0  0  0  0  1
0  0  1  0  0  0
0  0  0  1  0  0

1  0  0  0  0  0
0  1  0  0  0  0
0  0  0  0  0  1
0  0  0  0  1  0
0  0  1  0  0  0
0  0  0  1  0  0

1  0  0  0  0  0
0  1  0  0  0  0
0  0  0  0  1  0
0  0  0  0  0  1
0  0  0  1  0  0
0  0  1  0  0  0

1  0  0  0  0  0
0  1  0  0  0  0
0  0  0  0  0  1
0  0  0  0  1  0
0  0  0  1  0  0
0  0  1  0  0  0

0  1  0  0  0  0
1  0  0  0  0  0
0  0  1  0  0  0
0  0  0  1  0  0
0  0  0  0  1  0
0  0  0  0  0  1

0  1  0  0  0  0
1  0  0  0  0  0
0  0  1  0  0  0
0  0  0  1  0  0
0  0  0  0  0  1
0  0  0  0  1  0

0  1  0  0  0  0
1  0  0  0  0  0
0  0  0  1  0  0
0  0  1  0  0  0
0  0  0  0  1  0
0  0  0  0  0  1

0  1  0  0  0  0
1  0  0  0  0  0
0  0  0  1  0  0
0  0  1  0  0  0
0  0  0  0  0  1
0  0  0  0  1  0

0  1  0  0  0  0
1  0  0  0  0  0
0  0  0  0  1  0
0  0  0  0  0  1
0  0  1  0  0  0
0  0  0  1  0  0

0  1  0  0  0  0
1  0  0  0  0  0
0  0  0  0  0  1
0  0  0  0  1  0
0  0  1  0  0  0
0  0  0  1  0  0

0  1  0  0  0  0
1  0  0  0  0  0
0  0  0  0  1  0
0  0  0  0  0  1
0  0  0  1  0  0
0  0  1  0  0  0

0  1  0  0  0  0
1  0  0  0  0  0
0  0  0  0  0  1
0  0  0  0  1  0
0  0  0  1  0  0
0  0  1  0  0  0

0  0  1  0  0  0
0  0  0  1  0  0
1  0  0  0  0  0
0  1  0  0  0  0
0  0  0  0  1  0
0  0  0  0  0  1

0  0  1  0  0  0
0  0  0  1  0  0
1  0  0  0  0  0
0  1  0  0  0  0
0  0  0  0  0  1
0  0  0  0  1  0

0  0  0  1  0  0
0  0  1  0  0  0
1  0  0  0  0  0
0  1  0  0  0  0
0  0  0  0  1  0
0  0  0  0  0  1

0  0  0  1  0  0
0  0  1  0  0  0
1  0  0  0  0  0
0  1  0  0  0  0
0  0  0  0  0  1
0  0  0  0  1  0

0  0  0  0  1  0
0  0  0  0  0  1
1  0  0  0  0  0
0  1  0  0  0  0
0  0  1  0  0  0
0  0  0  1  0  0

0  0  0  0  0  1
0  0  0  0  1  0
1  0  0  0  0  0
0  1  0  0  0  0
0  0  1  0  0  0
0  0  0  1  0  0

0  0  0  0  1  0
0  0  0  0  0  1
1  0  0  0  0  0
0  1  0  0  0  0
0  0  0  1  0  0
0  0  1  0  0  0

0  0  0  0  0  1
0  0  0  0  1  0
1  0  0  0  0  0
0  1  0  0  0  0
0  0  0  1  0  0
0  0  1  0  0  0

0  0  1  0  0  0
0  0  0  1  0  0
0  1  0  0  0  0
1  0  0  0  0  0
0  0  0  0  1  0
0  0  0  0  0  1

0  0  1  0  0  0
0  0  0  1  0  0
0  1  0  0  0  0
1  0  0  0  0  0
0  0  0  0  0  1
0  0  0  0  1  0

0  0  0  1  0  0
0  0  1  0  0  0
0  1  0  0  0  0
1  0  0  0  0  0
0  0  0  0  1  0
0  0  0  0  0  1

0  0  0  1  0  0
0  0  1  0  0  0
0  1  0  0  0  0
1  0  0  0  0  0
0  0  0  0  0  1
0  0  0  0  1  0

0  0  0  0  1  0
0  0  0  0  0  1
0  1  0  0  0  0
1  0  0  0  0  0
0  0  1  0  0  0
0  0  0  1  0  0

0  0  0  0  0  1
0  0  0  0  1  0
0  1  0  0  0  0
1  0  0  0  0  0
0  0  1  0  0  0
0  0  0  1  0  0

0  0  0  0  1  0
0  0  0  0  0  1
0  1  0  0  0  0
1  0  0  0  0  0
0  0  0  1  0  0
0  0  1  0  0  0

0  0  0  0  0  1
0  0  0  0  1  0
0  1  0  0  0  0
1  0  0  0  0  0
0  0  0  1  0  0
0  0  1  0  0  0

0  0  1  0  0  0
0  0  0  1  0  0
0  0  0  0  1  0
0  0  0  0  0  1
1  0  0  0  0  0
0  1  0  0  0  0

0  0  1  0  0  0
0  0  0  1  0  0
0  0  0  0  0  1
0  0  0  0  1  0
1  0  0  0  0  0
0  1  0  0  0  0

0  0  0  1  0  0
0  0  1  0  0  0
0  0  0  0  1  0
0  0  0  0  0  1
1  0  0  0  0  0
0  1  0  0  0  0

0  0  0  1  0  0
0  0  1  0  0  0
0  0  0  0  0  1
0  0  0  0  1  0
1  0  0  0  0  0
0  1  0  0  0  0

0  0  0  0  1  0
0  0  0  0  0  1
0  0  1  0  0  0
0  0  0  1  0  0
1  0  0  0  0  0
0  1  0  0  0  0

0  0  0  0  0  1
0  0  0  0  1  0
0  0  1  0  0  0
0  0  0  1  0  0
1  0  0  0  0  0
0  1  0  0  0  0

0  0  0  0  1  0
0  0  0  0  0  1
0  0  0  1  0  0
0  0  1  0  0  0
1  0  0  0  0  0
0  1  0  0  0  0

0  0  0  0  0  1
0  0  0  0  1  0
0  0  0  1  0  0
0  0  1  0  0  0
1  0  0  0  0  0
0  1  0  0  0  0

0  0  1  0  0  0
0  0  0  1  0  0
0  0  0  0  1  0
0  0  0  0  0  1
0  1  0  0  0  0
1  0  0  0  0  0

0  0  1  0  0  0
0  0  0  1  0  0
0  0  0  0  0  1
0  0  0  0  1  0
0  1  0  0  0  0
1  0  0  0  0  0

0  0  0  1  0  0
0  0  1  0  0  0
0  0  0  0  1  0
0  0  0  0  0  1
0  1  0  0  0  0
1  0  0  0  0  0

0  0  0  1  0  0
0  0  1  0  0  0
0  0  0  0  0  1
0  0  0  0  1  0
0  1  0  0  0  0
1  0  0  0  0  0

0  0  0  0  1  0
0  0  0  0  0  1
0  0  1  0  0  0
0  0  0  1  0  0
0  1  0  0  0  0
1  0  0  0  0  0

0  0  0  0  0  1
0  0  0  0  1  0
0  0  1  0  0  0
0  0  0  1  0  0
0  1  0  0  0  0
1  0  0  0  0  0

0  0  0  0  1  0
0  0  0  0  0  1
0  0  0  1  0  0
0  0  1  0  0  0
0  1  0  0  0  0
1  0  0  0  0  0

0  0  0  0  0  1
0  0  0  0  1  0
0  0  0  1  0  0
0  0  1  0  0  0
0  1  0  0  0  0
1  0  0  0  0  0

NonDiagSyms: 0

