CicyNum: 6777
NumPs: 5
NumPols: 4
Conf: 
1  1  0  0
0  0  0  2
0  0  2  0
2  0  0  0
1  1  1  1
c2TX: 24  24  24  24  56
SymmOrd: 1
2
IntersecNumbers: 
0  0  0  0  0
0  0  2  2  4
0  2  0  2  4
0  2  2  0  4
0  4  4  4  8

0  0  2  2  4
0  0  0  0  0
2  0  0  2  2
2  0  2  0  4
4  0  2  4  4

0  2  0  2  4
2  0  0  2  2
0  0  0  0  0
2  2  0  0  4
4  2  0  4  4

0  2  2  0  4
2  0  2  0  4
2  2  0  0  4
0  0  0  0  0
4  4  4  0  8

0  4  4  4  8
4  0  2  4  4
4  2  0  4  4
4  4  4  0  8
8  4  4  8  8
KahlerCone: 5
1  0  0  0  0
0  1  0  0  0
0  0  1  0  0
0  0  0  1  0
0  0  0  0  1
SKahlerCone: 5
1  0  0  0  0
0  1  0  0  0
0  0  1  0  0
0  0  0  1  0
0  0  0  0  1
CYSymmetry: 2
1  0  0  0  0
0  1  0  0  0
0  0  1  0  0
0  0  0  1  0
0  0  0  0  1

1  0  0  0  0
0  0  1  0  0
0  1  0  0  0
0  0  0  1  0
0  0  0  0  1

NonDiagSyms: 0

